60481125482848
60481125482848
com.minespaceships.mod.blocks.NavigatorBlock
65978683621728
//Spaceship
57183731450211
57183731450211
com.minespaceships.mod.blocks.NavigatorBlock
57185073627491
//Spaceship
62954959536477
62954959536477
62954892427613
62680014520669
61030814187871
63229770334557
61855380799840
62130258706784
61305692094815
62405136613728
62680014520672
59381546746206
62405136613729
62130258706783
62405136613727
62680014520671
62954892427615
62680014520670
62405136613726
63229770334558
62954892427614
61855380799838
62130258706782
61305624985950
61855380799839
60755869172062
61030747079006
60206113358174
60480991265118
59656357544286
59931235451230
59106601730398
62405136613730
59381479637342
61855380799842
59381479637343
62130258706786
59931235451229
60206113358173
61030747079005
61305624985949
60480991265117
60755869172061
62130258706781
62405136613725
61855380799837
61030747079004
60755869172060
61305624985948
62130258706780
61855380799836
62680014520668
62405136613724
59381479637339
62405136613723
61855447908706
62130258706779
62130325815650
62954892427611
59381479637340
62405203722594
62680014520667
59106601730396
59931235451228
61305624985947
59656357544284
60480991265116
61855380799835
60206113358172
62130325815640
62405203722584
61855380799833
62130258706777
62405136613721
61855380799834
62130258706778
62405136613722
62680014520666
61855447908696
61030814187867
60755936280923
60481058373979
60206180467035
59931302560091
59656424653147
59381546746204
61855447908705
61305692094811
62405136613720
61855380799832
62130258706776
61855447908697
62954892427612
61580570001754
63229770334556
com.minespaceships.mod.blocks.NavigatorBlock
62954959536477
//Spaceship
73677144064349
73677076955485
71203242901855
73677144064349
73402199048541
70928364994911
71752998715743
73951954862429
71478120808799
72027876622687
70653487087967
70378609181023
73127321141601
72852443234657
72577565327713
72852443234655
73127321141599
73402199048543
73677076955487
72577565327711
72302687420767
72027809513823
70378542072159
70103664165215
70653419979101
70928297886045
70378542072157
71752931606877
72027809513821
71203175792989
71478053699933
72852443234653
73127321141597
72302687420765
72577565327709
72577565327712
72852443234656
73127321141600
73402199048544
70103731274078
72302754529632
73952021971292
73402199048542
73127321141598
73951954862430
73677076955486
72577565327710
72852443234654
72027809513822
72302687420766
71478053699934
71752931606878
70928297886046
71203175792990
70378542072158
70653419979102
69828786258270
73127321141602
70103664165214
72577565327714
72852443234658
72302687420768
71752931606876
71478053699932
72302687420764
72027809513820
72852443234652
72577565327708
70378542072155
73402199048540
73127321141596
73127321141595
72852443234651
72577632436578
70103664165212
73677076955483
72852510343522
69828786258268
73402199048539
73127388250466
72027809513819
70653419979100
70378542072156
72577565327707
71203175792988
72302687420763
70928297886044
72852510343512
73127388250456
72577565327705
72852443234649
73127321141593
72302687420762
72577565327706
72852443234650
73127321141594
73402199048538
72577632436568
71752998715739
71478120808795
71203242901851
70928364994907
73677144064348
70653487087963
73402266157404
70378609181019
70103731274076
72577632436577
72027876622683
73127321141592
72577565327704
72852443234648
72577632436569
73677076955484
72302754529626
73951954862428
com.minespaceships.mod.blocks.NavigatorBlock
95392230277469
//Spaceship
42616074797320
42616074797320
43440440082693
43715317989637
43990195896581
44265073803525
42340928454917
42615806361861
42890684268805
43165562175749
41791239749893
41516361842949
42340995563781
42066117656837
41241483936005
40966606029061
43715385098501
43990263005445
43165629284613
43440507191557
42615873470725
42890751377669
42615940579589
42341062672645
42066184765701
41791306858757
41516428951813
41241416827137
41516294734081
41791172641025
42066050547969
42340928454913
42615806361857
42890684268801
41791172641024
42066050547968
40691593904389
40416715997445
41241349718277
40966471811333
41791105532165
41516227625221
41516227625220
43440372973825
41241349718276
43165495066881
42065983439108
41791105532164
40416715997444
40966471811332
40691593904388
41516227625217
43990128787716
41791105532161
44265006694660
40966471811329
44265006694661
43440372973828
41241349718273
43715250880772
42615739252993
42890617159940
42890617159937
43165495066884
42065983439105
42340861346052
42340861346049
42615739252996
42890617159936
42615739252997
43165495066880
42890617159941
42340861346048
42065983439109
42615739252992
42340861346053
41791105532160
43715250880773
42065983439104
40691593904385
43990128787717
41241349718272
43165495066885
41516227625216
43440372973829
40966538920197
40691661013253
42066050547973
41791172641029
41516294734085
41241416827141
42340928454916
42066050547972
41791172641028
41516294734084
41241416827140
40966538920196
40691661013252
43440507191554
42890684268804
42615806361860
43440440082692
40966606029062
43165562175748
43990195896580
41516361842950
41241483936006
43715317989636
42066117656838
41791239749894
42066050547974
42340928454918
40966606029060
41241483936004
42615806361862
41516361842948
42890684268806
41516227625230
41791239749892
43165562175750
42066117656836
43440440082694
42340995563780
43715317989638
43990195896582
42615873470724
44265073803526
41791105532174
42065983439118
43440440082690
43165562175746
43715385098500
43440507191556
43165629284612
42890751377668
42341062672646
42066184765702
41791306858758
41516428951814
42890751377670
41516428951812
43165629284614
41791306858756
42340995563782
42615873470726
43990263005446
42615940579588
42890818486532
43440507191558
42066184765700
42341062672644
43715385098502
41791239749890
42066117656834
41516361842946
42890751377666
42340995563778
42615873470722
43165696393477
42890818486533
43440574300421
41791373967623
42066251874567
43165696393476
43715452207366
42615940579590
42890818486534
43165696393478
43440574300422
42341062672647
42615940579591
42890818486535
43165696393479
43440574300423
43715452207367
43990330114311
42890885595398
43165763502343
42890885595399
42890818486531
42615940579587
42341062672643
42066184765699
41791306858755
41516428951811
43165629284611
43440507191555
42340995563779
42066117656835
42890751377667
42615873470723
41241483936003
40966606029059
41791239749891
41516361842947
43990195896579
42890684268803
43165562175747
43440440082691
43715317989635
42890684268802
42615806361858
42340928454914
42066050547970
41791172641026
41516294734082
41241416827138
40966538920194
41516294734083
41241416827139
40966538920195
40691661013251
42615806361859
42340928454915
42066050547971
41791172641027
43165495066883
43440372973827
42615739252995
42890617159939
44265006694659
43715250880771
43990128787715
43990128787714
43440372973826
43715250880770
42890617159938
43165495066882
42065983439106
41791105532162
42615739252994
42340861346050
40966471811330
40691593904386
41516227625218
41241349718274
40691593904387
40416715997443
41241349718275
40966471811331
41791105532163
41516227625219
42340861346051
42065983439107
44265006694667
43990128787723
43715250880779
43440372973835
43165495066891
42890617159947
42615739253003
42340861346059
42065983439115
41791105532171
41516227625227
41241349718283
40966471811339
42890751377675
42615873470731
42340995563787
43165562175755
41791172641036
42890684268811
43715317989643
42340928454924
43440440082699
42066050547980
43990195896587
41516294734091
41241416827147
42066050547979
42890684268812
41791172641035
42615806361868
42615806361867
42340928454923
43165562175756
41516227625226
41241349718282
40966471811338
40691593904394
42615739253002
42340861346058
42065983439114
41791105532170
43715250880778
43440372973834
43165495066890
42890617159946
44265006694666
43990128787722
42890617159948
43165495066892
42340861346060
42615739253004
43990128787724
43440372973836
43715250880780
41791105532172
42065983439116
41241349718284
41516227625228
40416715997450
42890885595400
43990128787719
43715250880775
44539884601607
44265006694663
42890617159943
42615739252999
40966538920201
43440372973831
40691661013257
43165495066887
41791105532167
41516227625223
42340861346055
42065983439111
40691661013255
42065983439113
40966538920199
42340861346057
41241416827143
42615739253001
41516294734087
42890617159945
40966471811337
41241349718281
41516227625225
40416783106311
41791105532169
44265006694665
41791105532159
42065983439103
42340861346047
43165495066889
43440372973833
43715250880777
43990128787721
41791105532173
42890818486536
41516227625229
42615940579592
42341062672648
42066184765704
43715452207368
43440574300424
43165696393480
40691593904393
40416715997449
43440372973837
43165495066893
42890617159949
42615739253005
42340861346061
42065983439117
40966471811335
41241349718279
40416715997447
40691593904391
40141838090503
42615940579594
42890818486538
43165629284616
44265140912391
42890751377672
43715385098504
43440507191560
42066117656840
41791239749896
42615873470728
42340995563784
42340995563783
42066117656839
42890751377671
42615873470727
43440507191559
43165629284615
43990263005448
43990263005447
43715385098503
41516361842953
41791239749897
42066117656841
42340995563785
43440507191562
42615873470729
43715385098506
42890751377673
41516428951815
43165629284617
41791306858759
43440507191561
42066184765703
43715385098505
42340995563786
43990263005449
42615873470730
42890751377674
41516428951816
43165629284618
41791306858760
41516361842954
41791239749898
42066117656842
43440440082696
43165562175752
42890684268808
44265073803527
43990195896583
42615806361864
42340928454920
42066050547976
41791172641032
41516294734088
42615806361863
42340928454919
42066050547975
41791172641031
41241483936009
43715317989639
43440440082695
44265073803528
43990195896584
43165562175751
43715317989640
42890684268807
41791172641033
42066050547977
41241416827145
41516294734089
43715317989642
41516361842951
42890684268809
43990195896586
41791239749895
43165562175753
42340928454921
43165562175754
40966606029063
41241483936007
42615806361865
43440440082698
43990195896585
41241483936008
42615806361866
41516361842952
42890684268810
44265073803529
42066050547978
43440440082697
43715317989641
42340928454922
40966606029064
41516294734090
41791172641034
40966538920202
41241416827146
43440372973832
43715250880776
43990128787720
44265006694664
44539884601608
41241349718280
41516227625224
41791105532168
42065983439112
40691661013254
40966538920198
42340861346056
42615739253000
41241416827142
42890617159944
41516294734086
43165495066888
41791172641030
42065983439110
41791105532166
42615739252998
42340861346054
43165495066886
40691661013256
42890617159942
43715250880774
41241416827144
43440372973830
40966538920200
44265006694662
43990128787718
44539884601606
40141838090502
40416715997446
41241349718278
41516227625222
40691593904390
40966471811334
40966471811336
40691593904392
40416715997448
40141838090504
43440574300425
43165696393481
42890818486537
42615940579593
42341062672649
42066184765705
41791306858761
com.minespaceships.mod.blocks.NavigatorBlock
42616074797343
42612652245278
//Spaceship
66529915830621
66529915830621
66804793737565
63231448056155
63506325963099
63781203870043
64056081776987
64330959683931
64605837590875
64880715497819
65980092907873
65705215000929
65430337093985
62956570149212
65155593404762
65980227125592
65705349218648
64605703373148
64330825466204
65155459187036
64880581280092
65705215000924
65430337093980
66254970814812
63231313838427
65980092907868
65980092907867
65705215000923
66529848721755
62956435931484
66254970814811
64880581280091
63506191745372
63231313838428
65430337093979
64055947559260
65155459187035
63781069652316
65705282109784
65980160016728
65430337093977
65705215000921
65980092907865
65155459187034
65430337093978
65705215000922
65980092907866
66254970814810
65430404202840
65430404202844
64605770482011
65155526295900
64330892575067
64880648388956
64056014668123
64605770482012
63781136761179
66529915830620
63506258854235
63231380947291
65980160016732
65705282109788
63231380947292
66529915830619
62956503040348
66255037923675
65980160016731
65705282109787
64330892575068
65430404202843
65155526295899
63781136761180
64880648388955
63506258854236
65980092907864
65430337093976
65705215000920
65980160016729
65430404202841
65705282109785
65705282109786
65980160016730
65155526295898
66529848721756
65430404202842
66804726628700
66255037923674
66529848721757
64056014668127
66254970814813
63781136761183
64605770482015
66804726628701
64330892575071
65430471311705
65155526295903
64880648388959
65705282109791
65430404202847
63506258854239
63231380947295
63231380947293
63506258854237
63781136761181
64056014668125
65705215000927
64330892575069
65980092907871
64605770482013
66254970814815
64880648388957
66529848721759
65155526295901
65430404202845
65705282109789
65980160016733
66255037923677
65430337093983
65155459187039
64880581280095
63231313838431
63506191745373
63781069652317
63231313838429
64605703373149
64880581280093
64055947559261
64330825466205
65705215000925
65980092907869
65155459187037
65430337093981
65155526295902
65430404202846
65705282109790
65980160016734
65430337093984
64056014668126
65705215000928
64330892575070
65980092907872
64605770482014
66254970814816
64880648388958
62956503040350
63231380947294
63506258854238
63781136761182
65430404202848
65155526295904
66254970814814
65980092907870
66804726628702
66529848721758
65430337093982
65705215000926
64880581280094
65155459187038
64330825466206
64605703373150
63781069652318
64055947559262
63231313838430
63506191745374
65980092907874
62956435931486
65430337093986
65705215000930
65155459187040
65430404202850
65705282109794
65980160016738
66255037923680
63506325963103
63781203870047
65705282109792
65980160016736
63231448056159
65980227125602
62956570149214
65430471311714
65705349218658
65980160016737
64605837590879
64880715497823
65430404202849
64056081776991
65705282109793
66529915830623
66255037923679
65980160016735
66529915830622
66255037923678
65155593404768
com.minespaceships.mod.blocks.NavigatorBlock
66529915830621
//Spaceship
72852107690333
72852040581469
70378206527839
72852107690333
72577162674525
70103328620895
70927962341727
73126918488413
70653084434783
71752663171417
71202840248671
70103395729755
70653151543643
69828450713951
70928029450587
69553572807007
72302284767585
72027406860641
71752528953697
70653084434781
72027406860639
72302284767583
72577162674527
72852040581471
71752528953695
71477651046751
71202773139807
69553505698143
69828383605085
70103261512029
69553505698141
70927895232861
71202773139805
70378139418973
70653017325917
72027406860637
72302284767581
71477651046749
71752528953693
72027473969502
71752528953696
70378206527838
72027406860640
70653084434782
72302284767584
71202840248670
72577162674528
69278694900062
71477718155616
72577162674526
73126985597276
72302284767582
73126918488414
72852040581470
71752528953694
72027406860638
71202773139806
71477651046750
70653017325918
70927895232862
70103261512030
70378139418974
69553505698142
69828383605086
72302284767586
69278627791198
71752528953698
72027406860642
71477651046752
70927895232860
70653017325916
71477651046748
71202773139804
72027406860636
71752528953692
69553505698139
72577162674524
72302284767580
72302284767579
72027406860635
71752596062562
69278627791196
72852040581467
72027473969506
72577162674523
72302351876450
69828383605084
71202773139803
69553505698140
70378139418972
71752528953691
70103261512028
71477651046747
72027473969496
72302351876440
71752528953689
72027406860633
72302284767577
71477651046746
71752528953690
72027406860634
72302284767578
72577162674522
71752596062552
70927962341723
72577229783392
70653084434779
71202840248668
70378206527835
70103328620891
69553639915871
72852107690332
69828450713947
72577229783388
69553572807003
72302418985314
72852107690331
69278694900060
72027541078370
70928029450591
71752596062561
71202840248667
72302284767576
71752528953688
72027406860632
71752596062553
72027473969498
71477718155610
72852040581468
72852107690334
72577229783390
73126918488412
com.minespaceships.mod.blocks.NavigatorBlock
72852107690333
//Spaceship
79174299550045
79174232441181
76700398387551
79174299550045
78899354534237
76425520480607
77250154201439
79449110348125
76975276294495
77525032108383
76150642573663
75875764666719
78624476627297
78349598720353
78074720813409
78349598720351
78624476627295
78899354534239
79174232441183
78074720813407
77799842906463
77524964999519
75875697557855
76150575464797
76425453371741
75875697557853
77250087092573
77524964999517
76700331278685
76975209185629
78349598720349
78624476627293
77799842906461
78074720813405
78074720813408
78349598720352
78624476627296
78899354534240
75600886759774
77799910015328
78899354534238
79449177456988
78624476627294
79449110348126
79174232441182
78074720813406
78349598720350
77524964999518
77799842906462
76975209185630
77250087092574
76425453371742
76700331278686
75875697557854
76150575464798
78624476627298
75600819650910
78074720813410
78349598720354
77799842906464
77250087092572
76975209185628
77799842906460
77524964999516
78349598720348
78074720813404
75875697557851
78899354534236
78624476627292
78624476627291
78349598720347
78074787922274
75600819650908
79174232441179
78349665829218
78899354534235
78624543736162
76150575464796
77524964999515
75875697557852
78074720813403
76700331278684
77799842906459
76425453371740
78349665829208
78624543736152
78074720813401
78349598720345
78624476627289
77799842906458
78074720813402
78349598720346
78624476627290
78899354534234
78074787922264
77250154201435
76975276294491
76700398387547
76425520480603
76150642573659
79174299550044
75875764666715
78899421643100
75600886759772
78074787922273
77525032108379
78624476627288
78074720813400
78349598720344
78074787922265
79174232441180
77799910015322
79449110348124
com.minespaceships.mod.blocks.NavigatorBlock
79174299550045
//Spaceship
79172957372765
76699056210271
79172890263901
79172957372765
76424178303327
78898012356957
77248812024159
76973934117215
79447768170845
77523689931103
76149300396383
75874422489439
78623134450017
78348256543073
78073378636129
78348256543071
78623134450015
78898012356959
79172890263903
78073378636127
77798500729183
77523622822239
75874355380575
76149233287517
76424111194461
75874355380573
77248744915293
77523622822237
76698989101405
76973867008349
78348256543069
78623134450013
77798500729181
78073378636125
78073378636128
78348256543072
78623134450016
78898012356960
75599544582494
77798567838048
79447835279708
78898012356958
78623134450014
79447768170846
79172890263902
78073378636126
78348256543070
77523622822238
77798500729182
76973867008350
77248744915294
76424111194462
76698989101406
75874355380574
76149233287518
78623134450018
75599477473630
78073378636130
78348256543074
77798500729184
77248744915292
76973867008348
77798500729180
77523622822236
78348256543068
78073378636124
75874355380571
78898012356956
78623134450012
78623134450011
78348256543067
78073445744994
75599477473628
79172890263899
78348323651938
78898012356955
78623201558882
76149233287516
77523622822235
75874355380572
78073378636123
76698989101404
77798500729179
76424111194460
78348323651928
78623201558872
78073378636121
78348256543065
78623134450009
77798500729178
78073378636122
78348256543066
78623134450010
78898012356954
78073445744984
77248812024155
76973934117211
76699056210267
76424178303323
79172957372764
76149300396379
78898079465820
75874422489435
75599544582492
78073445744993
77523689931099
78623134450008
78073378636120
78348256543064
78073445744985
77798567838042
79172890263900
79447768170844
com.minespaceships.mod.blocks.NavigatorBlock
79172957372765
//Spaceship
84670515511645
84670448402781
82196614349151
84670515511645
84395570495837
81921736442207
82746370163039
84945326309725
82471492256095
83021248069983
81646858535263
81371980628319
84120692588897
83845814681953
83570936775009
83845814681951
84120692588895
84395570495839
84670448402783
83570936775007
83296058868063
83021180961119
81371913519455
81646791426397
81921669333341
81371913519453
82746303054173
83021180961117
82196547240285
82471425147229
83845814681949
84120692588893
83296058868061
83570936775005
83570936775008
83845814681952
84120692588896
84395570495840
81097102721374
83296125976928
84395570495838
84945393418588
84120692588894
84945326309726
84670448402782
83570936775006
83845814681950
83021180961118
83296058868062
82471425147230
82746303054174
81921669333342
82196547240286
81371913519454
81646791426398
84120692588898
81097035612510
83570936775010
83845814681954
83296058868064
82746303054172
82471425147228
83296058868060
83021180961116
83845814681948
83570936775004
81371913519451
84395570495836
84120692588892
84120692588891
83845814681947
83571003883874
81097035612508
84670448402779
83845881790818
84395570495835
84120759697762
81646791426396
83021180961115
81371913519452
83570936775003
82196547240284
83296058868059
81921669333340
83845881790808
84120759697752
83570936775001
83845814681945
84120692588889
83296058868058
83570936775002
83845814681946
84120692588890
84395570495834
83571003883864
82746370163035
82471492256091
82196614349147
81921736442203
81646858535259
84670515511644
81371980628315
84395637604700
81097102721372
83571003883873
83021248069979
84120692588888
83570936775000
83845814681944
83571003883865
84670448402780
83296125976922
84945326309724
com.minespaceships.mod.blocks.NavigatorBlock
84670515511645
//Spaceship
76425050718557
73951149556063
76424983609693
76425050718557
73676271649119
76150105702749
74500905369951
74226027463007
76699861516637
74775783276895
73401393742175
73126515835231
75875227795809
75600349888865
75325471981921
75600349888863
75875227795807
76150105702751
76424983609695
75325471981919
75050594074975
74775716168031
73126448726367
73401326633309
73676204540253
73126448726365
74500838261085
74775716168029
73951082447197
74225960354141
75600349888861
75875227795805
75050594074973
75325471981917
75325471981920
75600349888864
75875227795808
76150105702752
72851637928286
75050661183840
76699928625500
76150105702750
75875227795806
76699861516638
76424983609694
75325471981918
75600349888862
74775716168030
75050594074974
74225960354142
74500838261086
73676204540254
73951082447198
73126448726366
73401326633310
75875227795810
72851570819422
75325471981922
75600349888866
75050594074976
74500838261084
74225960354140
75050594074972
74775716168028
75600349888860
75325471981916
73126448726363
76150105702748
75875227795804
75875227795803
75600349888859
75325539090786
72851570819420
76424983609691
75600416997730
76150105702747
75875294904674
73401326633308
74775716168027
73126448726364
75325471981915
73951082447196
75050594074971
73676204540252
75600416997720
75875294904664
75325471981913
75600349888857
75875227795801
75050594074970
75325471981914
75600349888858
75875227795802
76150105702746
75325539090776
74500905369947
74226027463003
73951149556059
73676271649115
76425050718556
73401393742171
76150172811612
73126515835227
72851637928284
75325539090785
74775783276891
75875227795800
75325471981912
75600349888856
75325539090777
75050661183834
76424983609692
76699861516636
com.minespaceships.mod.blocks.NavigatorBlock
76425050718557
//Spaceship
73675600560477
73675533451613
71201699397983
73675600560477
73400655544669
70926821491039
71751455211871
73950411358557
71476577304927
72026333118815
70651943584095
70377065677151
73125777637729
72850899730785
72576021823841
72850899730783
73125777637727
73400655544671
73675533451615
72576021823839
72301143916895
72026266009951
70376998568287
70651876475229
70926754382173
70376998568285
71751388103005
72026266009949
71201632289117
71476510196061
72850899730781
73125777637725
72301143916893
72576021823837
72576021823840
72850899730784
73125777637728
73400655544672
70102187770206
72301211025760
73400655544670
73950478467420
73125777637726
73950411358558
73675533451614
72576021823838
72850899730782
72026266009950
72301143916894
71476510196062
71751388103006
70926754382174
71201632289118
70376998568286
70651876475230
73125777637730
70102120661342
72576021823842
72850899730786
72301143916896
71751388103004
71476510196060
72301143916892
72026266009948
72850899730780
72576021823836
70376998568283
73400655544668
73125777637724
73125777637723
72850899730779
72576088932706
70102120661340
73675533451611
72850966839650
73400655544667
73125844746594
70651876475228
72026266009947
70376998568284
72576021823835
71201632289116
72301143916891
70926754382172
72850966839640
73125844746584
72576021823833
72850899730777
73125777637721
72301143916890
72576021823834
72850899730778
73125777637722
73400655544666
72576088932696
71751455211867
71476577304923
71201699397979
70926821491035
70651943584091
73675600560476
70377065677147
73400722653532
70102187770204
72576088932705
72026333118811
73125777637720
72576021823832
72850899730776
72576088932697
73675533451612
72301211025754
73950411358556
com.minespaceships.mod.blocks.NavigatorBlock
73675600560477
//Spaceship
73677144064349
71203242901855
73677076955485
73677144064349
70928364994911
73402199048541
71752998715743
71478120808799
73951954862429
72027876622687
70653487087967
70378609181023
73127321141601
72852443234657
72577565327713
72852443234655
73127321141599
73402199048543
73677076955487
72577565327711
72302687420767
72027809513823
70378542072159
70653419979101
70928297886045
70378542072157
71752931606877
72027809513821
71203175792989
71478053699933
72852443234653
73127321141597
72302687420765
72577565327709
72577565327712
72852443234656
73127321141600
73402199048544
70103731274078
72302754529632
73952021971292
73402199048542
73127321141598
73951954862430
73677076955486
72577565327710
72852443234654
72027809513822
72302687420766
71478053699934
71752931606878
70928297886046
71203175792990
70378542072158
70653419979102
73127321141602
70103664165214
72577565327714
72852443234658
72302687420768
71752931606876
71478053699932
72302687420764
72027809513820
72852443234652
72577565327708
70378542072155
73402199048540
73127321141596
73127321141595
72852443234651
72577632436578
70103664165212
73677076955483
72852510343522
73402199048539
73127388250466
70653419979100
72027809513819
70378542072156
72577565327707
71203175792988
72302687420763
70928297886044
72852510343512
73127388250456
72577565327705
72852443234649
73127321141593
72302687420762
72577565327706
72852443234650
73127321141594
73402199048538
72577632436568
71752998715739
71478120808795
71203242901851
70928364994907
73677144064348
70653487087963
73402266157404
70378609181019
70103731274076
72577632436577
72027876622683
73127321141592
72577565327704
72852443234648
72577632436569
72302754529626
73677076955484
73951954862428
com.minespaceships.mod.blocks.NavigatorBlock
73677144064349
//Spaceship
76697781141836
76697781141836
76697714032972
75873080312141
76422836126028
76972591939916
75873080312139
76422836126027
76147958219083
76697714032971
75873080312140
76422836126029
76147958219084
76147958219085
76697714032973
com.minespaceships.mod.blocks.NavigatorBlock
76697781141836
//Spaceship
